100
61 86
29 90
27 51
49 89
15 28
37 84
34 77
69 88
74 92
16 44
42 43
64 65
80 98
17 19
89 98
15 44
18 28
39 40
51 77
73 89
60 67
35 74
88 96
44 75
7 49
74 89
79 97
78 96
19 88
78 78
20 49
56 80
31 72
62 74
99 100
72 87
71 86
86 86
84 97
36 52
71 92
55 83
8 82
47 82
65 87
74 94
85 98
14 94
53 97
49 92
40 53
41 66
79 96
60 76
1 1
18 74
1 94
45 81
84 91
87 97
12 48
15 76
12 74
70 86
77 98
20 76
96 100
4 63
79 81
77 96
88 91
52 55
75 95
56 89
37 70
9 16
71 74
45 83
11 68
16 56
52 55
36 99
62 91
62 69
69 71
20 24
65 94
94 94
11 100
84 96
33 70
45 86
91 96
88 94
81 100
49 56
90 90
81 87
19 66
59 67
